1201
3003
121
414
8976
6578
43
12678
1
9098
98
21770
654
89
234
189
12765
12
89765
4
16
3
1
4
666
4185
14536
6907
4183
13465
12150
29685
19545
5823
20512
17280
5124
18736
28713
11700
10938
21672
19191
26261
8579
28311
1686
28105
6198
1490
4419
8550
28528
20316
2676
14557
24023
8625
26301
29148
21791
22835
9826
18172
6904
19163
27793
13825
11346
29455
25456
27714
4413
106
23594
27922
1901
28264
19649
8950
24700
23060
20844
27238
4832
28920
12566
20242
151
4358
10065
21267
2389
3906
8875
15594
12811
1151
8701
24912
16207
5493
5579
12023
29211
17109
10773
10524
4029
13407
21193
23532
21116
28442
14450
6406
25678
9167
23233
4532
5045
8067
29303
16750
14042
15512
26481
8829
21862
26904
20786
19498
21423
27196
3584
5540
28441
4854
20292
21771
1116
10573
18097
29268
25921
17488
27776
28554
13560
4791
29759
26533
2047
545
22817
22001
15332
15605
5511
2511
14950
23495
13884
9843
8159
3456
13855
29300
6680
2383
25667
18692
7474
4448
23629
13917
23226
16381
11022
26368
10861
9757
2252
12330
26797
5527
23490
11281
14004
24664
13912
8133
5539
25905
2104
7271
28469
17822
2999
23611
11549
29754
11228
16376
16866
18377
5065
3092
28078
17037
20111
10569
29092
3200
9598
21428
21051
3861
15980
6072
20713
16160
8449
23783
20565
10092
60
818
28827
25586
29131
9125
7228
9253
2258
18671
21526
4044
10544
19308
3206
25579
17144
21632
16358
2491
21115
5116
13043
26239
27039
22946
1743
14768
13389
18552
18259
24277
27618
13414
9107
1744
27174
1400
12852
554
18306
23041
21389
28793
26094
19764
15623
23098
29055
5767
23120
11519
23836
20089
8779
11528
5073
11107
3831
24430
15113
27570
18066
8965
27672
13064
22034
16723
449
22238
2585
20425
17284
4560
2607
27099
15155
29701
24814
6144
7893
20925
603
27138
3181
24149
12782
7532
18428
12792
29808
21861
16094
11108
17792
16913
12874
15420
4514
24211
28584
17668
29003
3344
7130
1314
15610
27395
17979
7790
6420
20505
24846
29778
7779
13010
20387
23140
28403
12565
422
4816
29039
11566
8619
5877
1932
21498
20694
8364
20705
15225
13168
27919
18956
14747
27205
21220
15824
17708
16659
6880
23890
12086
8377
24059
23135
11513
29670
10723
26296
9871
7036
29646
13846
2288
6578
18836
6367
14221
16310
29561
13355
1911
16699
24153
19271
19410
10726
26529
7067
13034
23867
5179
3363
20521
12300
5145
12103
21906
10041
4573
15804
10913
18917
21083
10388
20531
115
6380
151
19495
16561
14167
2470
6741
3918
20744
19741
13117
16609
17602
11169
20450
5725
1383
25052
13418
19464
16765
15309
543
1282
14888
25736
17984
6703
22765
22017
11484
27387
28833
16579
1013
21561
18975
2986
2364
29103
22323
27554
8267
18501
2836
5042
9552
16990
25626
9547
1045
27865
14524
5442
3482
16186
20080
20298
18616
5922
3108
16399
16656
16775
2425
9080
21489
16661
25690
10883
27860
15920
28730
8526
10790
29376
14939
18069
14121
10174
29128
26951
21703
4809
5283
18283
262
2642
23912
19808
311
11865
27736
12506
28375
7775
8754
20654
26110
17249
23474
1119
13150
11706
8300
16747
19659
501
29089
6418
21427
13354
9954
1043
7265
16235
26557
23190
13215
21773
25923
24154
16153
10013
24821
24854
26898
29172
26344
27428
15339
28736
5654
26731
4789
15362
12017
9311
2483
13552
26520
10205
28546
2756
26316
26490
21044
10447
17888
21337
4371
18839
16980
12113
24690
27195
19193
28521
14948
15547
10834
13616
23220
19900
9826
508
12368
6006
23035
10942
14568
6467
1164
28762
5329
28430
20224
16877
13112
28166
2923
14324
16870
19996
8391
21933
20238
7349
29859
28514
26676
19610
12953
14561
21556
2186
12893
999
18623
7791
29628
15704
23524
13195
28297
7149
1510
4433
17631
24348
24225
2637
12495
9984
8854
13132
28815
8586
1116
21138
19390
28929
15573
4659
18528
23046
2575
12271
21959
25837
22084
22265
26153
3300
11485
7629
16627
5579
15744
23823
27109
21327
20377
13428
11767
12466
29046
14225
6049
13761
7421
19165
3022
5992
14817
23248
22025
10819
28369
10526
21885
117
144
7689
24874
3591
16951
6515
12868
11041
25109
10589
17053
8949
24035
17334
14514
25699
24854
3612
23050
3941
20016
3452
4301
11346
3545
20528
24559
15136
8963
17863
26476
5734
3553
9942
27439
5743
9271
18157
1455
12806
27234
27308
26892
16256
17113
20596
7752
18105
11061
17456
24820
22102
19466
20859
20333
21940
4256
19429
27646
28644
15116
19378
4028
6345
22577
10863
15201
7933
8911
20151
11526
20935
9793
13964
8877
21894
6091
9101
7420
22546
18438
4618
2449
17420
10829
5052
16365
18362
6959
1046
4173
2480
27903
24603
12192
27921
29584
15931
7024
12853
22901
3064
20432
20085
20341
22269
24956
23814
6910
27162
24465
15233
11579
2923
4163
16038
21755
26795
22426
2549
14350
29632
26030
8052
7727
18784
17973
13291
25303
21663
19112
1363
17484
7771
1692
3443
11795
21617
21124
5090
8760
11348
28056
7156
11137
23663
3433
6234
2680
10293
2856
14253
26888
672
16650
23797
3825
28809
12606
937
9336
19977
15997
17157
16847
19587
10050
28280
5600
12182
5732
22993
24959
12455
29203
20788
623
3042
1868
27826
20876
931
9036
20822
15386
5116
472
3963
22895
22715
6113
22962
13870
1000
26924
10846
20814
23681
3385
13780
8804
19466
26655
22846
14287
7440
18014
8434
18447
26860
22108
3677
5044
10032
52
26795
5410
10713
20396
5576
11768
29515
27408
9846
12886
5381
18407
26376
2114
15784
25235
88
7089
2233
17259
21240
3398
14044
13940
11666
22340
9714
21235
21801
15464
6552
8513
14580
2774
11101
3829
26666
12019
22388
25686
639
941
27197
23830
11268
21883
10467
11345
22795
23541
19288
21567
21091
3060
5419
2627
11522
23704
7803
7197
27965
14211
27772
10714
19917
29455
6601
24255
9365
11552
16474
17646
12676
26151
9697
16828
21449
13813
25734
1002
6055
12478
11275
17246
29908
29105
15620
19919
5886
23742
10206
13216
17444
19266
17440
18542
2673
25360
14247
8932
8017
3641
7807
9475
27856
11823
19824
2202